sepal_length,sepal_width,petal_length,petal_width,preds,preds_prob
5.5,2.5,4.0,1.3,versicolor,0.9636126652587168
6.9,3.1,5.1,2.3,virginica,0.9671589709308532
5.1,2.5,3.0,1.1,versicolor,0.9489780802625993
4.4,2.9,,0.2,setosa,0.6339447072588057
5.9,3.0,5.1,1.8,virginica,0.7787635654570026
5.5,3.5,1.3,0.2,setosa,0.957885554699632
5.6,,3.6,1.3,versicolor,0.9373881378361821
6.5,3.0,5.2,2.0,virginica,0.9506409941712486
5.3,3.7,1.5,0.2,setosa,0.962753403649488
5.1,3.4,1.5,,setosa,0.8112335924345653
6.1,2.8,4.0,1.3,versicolor,0.977356154779881
5.5,2.4,3.7,1.0,versicolor,0.9776699973987605
7.7,3.0,6.1,2.3,virginica,0.9619737637434334
6.9,3.1,4.9,1.5,versicolor,0.7307023796058689
6.0,2.2,5.0,1.5,versicolor,0.569636936935962
